62
30
38
144
140
108
116
132
14
148
68
104
90
128
24
164
160
44
106
74
20
88
78
58
142
130
154
96
54
70
166
66
100
134
138
36
92
8
102
12
34
16
76
6
122
50
162
150
124
64
0
84
156
152
22
25
147
103
159
13
75
35
125
51
117
29
109
129
135
99
163
145
93
153
91
149
111
9
77
49
115
89
155
33
141
39
69
7
107
95
59
79
63
169
17
71
31
61
3
19
27
157
97
65
133
23
161
57
101
143
85
21
137
167
1
105
43
165
45
119
62,30
38,62
144,62
116,62
148,62
128,62
164,62
44,62
58,62
62,103
62,159
75,62
62,135
153,62
33,62
141,62
38,30
144,30
140,30
116,30
30,14
148,30
68,30
104,30
90,30
128,30
164,30
44,30
106,30
74,30
20,30
78,30
58,30
142,30
154,30
54,30
70,30
100,30
92,30
16,30
25,30
30,103
30,159
13,30
75,30
125,30
117,30
29,30
129,30
30,135
145,30
93,30
153,30
149,30
9,30
49,30
89,30
155,30
33,30
141,30
30,39
69,30
30,7
59,30
17,30
65,30
161,30
1,30
144,38
140,38
116,38
38,14
148,38
68,38
104,38
90,38
128,38
24,38
164,38
160,38
44,38
106,38
74,38
20,38
78,38
58,38
142,38
154,38
54,38
70,38
166,38
66,38
100,38
92,38
16,38
25,38
147,38
38,103
38,159
13,38
75,38
125,38
117,38
109,38
129,38
38,135
99,38
163,38
145,38
93,38
153,38
149,38
38,111
9,38
49,38
89,38
155,38
33,38
141,38
38,39
69,38
38,7
107,38
38,95
59,38
38,79
17,38
38,71
27,38
65,38
38,23
161,38
57,38
85,38
1,38
105,38
144,140
144,116
144,14
144,148
144,90
144,128
144,164
144,44
144,106
144,74
144,58
144,154
144,100
144,25
144,103
144,159
144,13
144,75
144,117
144,129
144,135
144,145
144,153
144,149
144,33
144,141
144,7
116,140
140,14
148,140
140,68
90,140
128,140
164,140
140,44
106,140
58,140
154,140
100,140
25,140
140,103
140,159
75,140
140,117
140,135
145,140
140,93
33,140
140,7
116,14
148,116
116,68
104,116
90,116
128,116
24,116
164,116
116,44
106,116
74,116
116,20
116,78
58,116
116,142
154,116
116,54
116,70
100,116
116,92
16,116
25,116
116,103
116,159
116,13
75,116
116,125
116,117
116,29
129,116
116,135
145,116
116,93
153,116
116,149
49,116
89,116
155,116
33,116
116,141
116,39
116,69
116,7
17,116
27,116
161,116
1,116
148,14
90,14
128,14
164,14
44,14
14,103
14,159
75,14
125,14
14,135
89,14
33,14
141,14
148,68
104,148
90,148
128,148
24,148
164,148
160,148
148,44
106,148
74,148
148,20
148,78
58,148
148,142
154,148
66,148
100,148
148,92
25,148
148,103
148,159
148,13
75,148
148,125
148,117
148,29
129,148
148,135
145,148
148,93
153,148
9,148
49,148
89,148
155,148
33,148
148,141
148,69
148,7
148,95
148,71
27,148
65,148
161,148
1,148
90,68
68,44
58,68
154,68
100,68
68,103
68,159
75,68
68,135
33,68
68,7
104,164
104,44
104,25
104,75
128,90
90,164
90,44
90,106
90,74
90,58
90,154
25,90
90,103
90,159
90,75
90,135
145,90
90,93
33,90
90,141
90,7
128,164
128,44
128,106
128,74
128,58
128,142
128,154
128,100
128,25
128,103
128,159
128,13
128,75
128,125
128,117
128,129
128,135
128,93
128,153
128,9
128,33
128,141
24,75
164,44
106,164
74,164
58,164
164,142
154,164
25,164
164,103
164,159
75,164
164,125
129,164
164,135
145,164
164,93
153,164
9,164
89,164
33,164
164,141
164,7
160,75
106,44
74,44
44,20
44,78
58,44
44,142
154,44
44,54
100,44
44,92
25,44
44,103
44,159
44,13
75,44
44,125
44,117
129,44
44,135
145,44
44,93
153,44
44,149
89,44
33,44
44,141
44,69
44,7
17,44
44,23
161,44
1,44
106,154
25,106
106,103
106,159
106,75
106,117
106,135
153,106
33,106
106,141
106,7
74,20
74,58
74,154
74,103
74,159
74,75
74,117
74,135
33,74
74,141
74,7
20,103
20,159
75,20
20,135
20,141
58,78
78,103
78,159
75,78
58,154
58,100
58,92
25,58
58,103
58,159
58,13
58,75
58,125
129,58
58,135
145,58
58,93
153,58
9,58
89,58
33,58
58,141
58,7
142,159
75,142
142,135
145,142
33,142
141,142
154,100
25,154
154,103
154,159
154,13
154,75
129,154
154,135
145,154
154,93
153,154
33,154
154,141
154,7
75,54
33,54
70,159
75,70
129,70
75,166
25,100
100,103
100,159
75,100
100,135
153,100
33,100
100,7
75,134
92,103
92,159
75,92
92,135
16,75
25,103
25,159
25,75
25,117
25,135
25,145
25,93
25,153
25,33
25,141
25,7
75,147
159,103
13,103
75,103
117,103
135,103
145,103
93,103
153,103
33,103
141,103
7,103
13,159
75,159
125,159
117,159
129,159
135,159
145,159
93,159
153,159
149,159
9,159
49,159
89,159
33,159
141,159
7,159
107,159
65,159
161,159
75,13
13,135
145,13
33,13
13,141
75,125
75,117
75,29
129,75
75,135
99,75
75,163
145,75
75,93
153,75
75,149
75,111
9,75
49,75
89,75
75,155
33,75
75,141
75,39
75,69
75,7
107,75
75,95
59,75
75,79
17,75
75,71
27,75
65,75
75,23
161,75
1,75
33,125
125,141
117,135
153,117
33,117
117,141
117,7
29,135
129,153
129,33
129,141
145,135
93,135
153,135
155,135
33,135
141,135
7,135
95,135
145,33
145,141
33,93
93,7
153,33
153,141
153,7
9,33
9,141
89,141
33,155
155,141
33,141
33,69
33,7
33,161
33,1
141,7
38,62,30
38,75,62
38,30,103
38,30,159
38,30,135
144,38,30
144,44,30
144,30,159
144,75,30
140,38,30
116,38,30
116,30,44
116,30,103
116,30,159
116,30,135
148,38,30
116,148,30
148,30,159
148,30,135
90,38,30
90,116,30
90,75,30
128,38,30
128,148,30
128,75,30
164,38,30
116,164,30
44,38,30
44,30,159
106,38,30
106,75,30
74,38,30
58,38,30
58,44,30
58,30,159
58,75,30
154,38,30
154,75,30
100,38,30
25,38,30
25,75,30
159,30,103
135,30,159
13,38,30
75,38,30
75,140,30
75,116,30
75,148,30
75,164,30
75,44,30
75,100,30
75,30,103
75,30,159
75,13,30
75,30,135
75,93,30
75,141,30
117,38,30
145,38,30
145,30,159
145,75,30
93,38,30
153,38,30
33,38,30
33,116,30
33,148,30
33,44,30
33,75,30
141,38,30
144,116,38
144,164,38
144,44,38
144,58,38
144,154,38
144,38,103
144,38,159
144,75,38
144,33,38
140,38,44
140,38,103
140,38,159
140,38,135
140,116,38
116,38,68
116,38,44
116,38,103
116,38,159
116,117,38
116,38,135
116,93,38
116,141,38
116,38,7
116,148,38
148,38,14
148,38,44
148,38,159
148,38,135
148,141,38
68,38,44
104,75,38
90,116,38
90,44,38
90,38,159
90,75,38
128,116,38
128,148,38
128,44,38
128,38,159
128,75,38
128,38,135
116,164,38
148,164,38
164,38,44
164,38,159
44,38,103
44,38,159
44,38,135
44,93,38
44,141,38
44,38,7
106,116,38
106,148,38
106,44,38
106,38,159
106,75,38
74,116,38
74,75,38
58,140,38
58,116,38
58,148,38
58,44,38
58,38,154
58,38,103
58,38,159
58,75,38
154,140,38
154,116,38
154,148,38
154,44,38
154,38,103
154,38,159
154,75,38
116,100,38
100,38,44
25,116,38
25,154,38
25,75,38
159,38,103
135,38,103
135,38,159
75,140,38
75,116,38
75,38,14
75,148,38
75,68,38
75,164,38
75,44,38
75,20,38
75,100,38
75,92,38
75,38,103
75,38,159
75,13,38
75,125,38
75,117,38
75,38,135
75,93,38
75,141,38
75,69,38
75,38,7
117,38,135
129,75,38
145,116,38
145,44,38
145,58,38
145,38,159
145,75,38
153,116,38
153,44,38
153,38,159
153,75,38
33,116,38
33,148,38
33,164,38
33,44,38
33,58,38
33,38,159
33,75,38
17,75,38
144,75,116
144,44,159
144,75,44
144,58,75
144,159,103
144,75,103
144,75,159
58,75,140
116,75,140
75,140,44
75,140,159
148,116,159
148,116,135
148,116,141
90,75,116
148,164,116
116,44,159
58,75,116
154,75,116
25,75,116
135,116,159
148,75,116
164,75,116
75,116,44
75,116,103
75,116,159
75,116,135
75,116,93
75,116,141
75,116,7
153,75,116
33,116,148
33,75,116
33,116,141
128,148,135
154,75,148
135,148,159
164,75,148
75,148,44
75,148,159
75,148,135
75,148,141
148,117,135
33,75,148
33,148,141
75,68,44
90,75,44
128,75,44
128,75,159
75,164,44
75,164,159
58,75,44
154,75,44
25,75,44
159,44,103
75,100,44
75,44,92
75,44,103
75,44,159
75,44,135
75,44,93
75,44,141
75,44,7
145,75,44
33,75,44
58,75,154
58,75,103
58,75,159
159,75,103
135,75,103
135,75,159
145,75,159
33,75,159
33,75,135
33,75,141
144,75,38,30
128,75,38,30
44,30,38,159
58,75,38,30
75,30,38,159
75,116,38,30
75,44,38,30
144,75,44,38
58,75,44,38
75,116,38,44
75,44,38,103
75,44,38,159
